   1.7505000e+03   1.1982836e-03
   1.7515000e+03   1.1982836e-03
   1.7525000e+03   1.1987531e-03
   1.7535000e+03   1.1987531e-03
   1.7545000e+03   1.1992227e-03
   1.7555000e+03   1.1996922e-03
   1.7565000e+03   1.2823325e-03
   1.7575000e+03   1.2828020e-03
   1.7585000e+03   1.2832716e-03
   1.7595000e+03   1.2837411e-03
   1.7605000e+03   1.2837411e-03
   1.7615000e+03   1.4062929e-03
   1.7625000e+03   1.4067624e-03
   1.7635000e+03   1.4072319e-03
   1.7645000e+03   1.4077015e-03
   1.7655000e+03   1.4081710e-03
   1.7665000e+03   1.5711038e-03
   1.7675000e+03   1.5715733e-03
   1.7685000e+03   1.5720429e-03
   1.7695000e+03   1.5725124e-03
   1.7705000e+03   1.5729820e-03
   1.7715000e+03   1.7443666e-03
   1.7725000e+03   1.7448361e-03
   1.7735000e+03   1.7453057e-03
   1.7745000e+03   1.7457752e-03
   1.7755000e+03   1.7462448e-03
   1.7765000e+03   1.9270203e-03
   1.7775000e+03   1.9274899e-03
   1.7785000e+03   1.9279594e-03
   1.7795000e+03   1.9284290e-03
   1.7805000e+03   1.9293681e-03
   1.7815000e+03   2.1585069e-03
   1.7825000e+03   2.1589765e-03
   1.7835000e+03   2.1599156e-03
   1.7845000e+03   2.1603851e-03
   1.7855000e+03   2.1617938e-03
   1.7865000e+03   2.4543214e-03
   1.7875000e+03   2.4552605e-03
   1.7885000e+03   2.4557301e-03
   1.7895000e+03   2.4566692e-03
   1.7905000e+03   2.4576083e-03
   1.7915000e+03   2.7449710e-03
   1.7925000e+03   2.8060120e-03
   1.7935000e+03   2.8083598e-03
   1.7945000e+03   2.8041339e-03
   1.7955000e+03   2.8055425e-03
   1.7965000e+03   2.9412415e-03
   1.7975000e+03   3.0877402e-03
   1.7985000e+03   3.2159265e-03
   1.7995000e+03   3.3868415e-03
   1.8005000e+03   3.6000158e-03
   1.8015000e+03   3.5831121e-03
   1.8025000e+03   4.7137809e-03
   1.8035000e+03   4.0352857e-03
   1.8045000e+03   4.3968368e-03
   1.8055000e+03   4.2827369e-03
   1.8065000e+03   4.4912157e-03
   1.8075000e+03   4.7255196e-03
   1.8085000e+03   4.4935635e-03
   1.8095000e+03   4.4968503e-03
   1.8105000e+03   4.7903171e-03
   1.8115000e+03   5.0725148e-03
   1.8125000e+03   5.2551685e-03
   1.8135000e+03   5.2824022e-03
   1.8145000e+03   5.3988498e-03
   1.8155000e+03   5.5730517e-03
   1.8165000e+03   6.1083351e-03
   1.8175000e+03   6.3346567e-03
   1.8185000e+03   6.3618904e-03
   1.8195000e+03   6.4008628e-03
   1.8205000e+03   6.4957113e-03
   1.8215000e+03   6.5914989e-03
   1.8225000e+03   6.8516278e-03
   1.8235000e+03   7.2469863e-03
   1.8245000e+03   7.5000720e-03
   1.8255000e+03   7.7860261e-03
   1.8265000e+03   7.8710141e-03
   1.8275000e+03   8.4471481e-03
   1.8285000e+03   8.5396488e-03
   1.8295000e+03   8.5086587e-03
   1.8305000e+03   1.1421258e-02
   1.8315000e+03   1.0832446e-02
   1.8325000e+03   1.0907104e-02
   1.8335000e+03   1.1124504e-02
   1.8345000e+03   1.1339557e-02
   1.8355000e+03   1.1590764e-02
   1.8365000e+03   1.3427162e-02
   1.8375000e+03   1.3416362e-02
   1.8385000e+03   1.3845998e-02
   1.8395000e+03   1.4303337e-02
   1.8405000e+03   1.5241022e-02
   1.8415000e+03   1.5713855e-02
   1.8425000e+03   1.6596134e-02
   1.8435000e+03   1.7025300e-02
   1.8445000e+03   1.8123570e-02
   1.8455000e+03   1.9890475e-02
   1.8465000e+03   2.0221505e-02
   1.8475000e+03   2.2093589e-02
   1.8485000e+03   2.2274834e-02
   1.8495000e+03   2.3517255e-02
   1.8505000e+03   2.5232509e-02
   1.8515000e+03   2.5477143e-02
   1.8525000e+03   2.6597952e-02
   1.8535000e+03   2.7835677e-02
   1.8545000e+03   3.2696426e-02
   1.8555000e+03   3.3340644e-02
   1.8565000e+03   3.5535307e-02
   1.8575000e+03   3.5868215e-02
   1.8585000e+03   3.6417031e-02
   1.8595000e+03   3.8613637e-02
   1.8605000e+03   4.2372272e-02
   1.8615000e+03   4.4562771e-02
   1.8625000e+03   4.5372972e-02
   1.8635000e+03   4.8423294e-02
   1.8645000e+03   5.2169310e-02
   1.8655000e+03   5.5400864e-02
   1.8665000e+03   5.7151773e-02
   1.8675000e+03   6.1232667e-02
   1.8685000e+03   6.2890637e-02
   1.8695000e+03   6.6783650e-02
   1.8705000e+03   6.8245350e-02
   1.8715000e+03   7.2552033e-02
   1.8725000e+03   8.0270445e-02
   1.8735000e+03   8.5274406e-02
   1.8745000e+03   7.9837992e-02
   1.8755000e+03   8.6604632e-02
   1.8765000e+03   8.7854566e-02
   1.8775000e+03   8.9590480e-02
   1.8785000e+03   9.0267530e-02
   1.8795000e+03   9.6737612e-02
   1.8805000e+03   1.0940380e-01
   1.8815000e+03   1.1308179e-01
   1.8825000e+03   1.1942749e-01
   1.8835000e+03   1.2700265e-01
   1.8845000e+03   1.2843052e-01
   1.8855000e+03   1.2939125e-01
   1.8865000e+03   1.3141659e-01
   1.8875000e+03   1.3798856e-01
   1.8885000e+03   1.5279189e-01
   1.8895000e+03   1.5273145e-01
   1.8905000e+03   1.6639997e-01
   1.8915000e+03   1.7414238e-01
   1.8925000e+03   1.7557958e-01
   1.8935000e+03   1.7347540e-01
   1.8945000e+03   1.7952281e-01
   1.8955000e+03   1.9034094e-01
   1.8965000e+03   1.9654727e-01
   1.8975000e+03   2.0585102e-01
   1.8985000e+03   2.1712405e-01
   1.8995000e+03   2.3719626e-01
   1.9005000e+03   2.5018039e-01
   1.9015000e+03   2.5845081e-01
   1.9025000e+03   2.6499123e-01
   1.9035000e+03   2.8911954e-01
   1.9045000e+03   2.9242332e-01
   1.9055000e+03   3.1136075e-01
   1.9065000e+03   3.2702574e-01
   1.9075000e+03   3.6975294e-01
   1.9085000e+03   3.5580370e-01
   1.9095000e+03   3.6998384e-01
   1.9105000e+03   3.8798986e-01
   1.9115000e+03   3.9502197e-01
   1.9125000e+03   4.1371541e-01
   1.9135000e+03   4.4755752e-01
   1.9145000e+03   4.0602750e-01
   1.9155000e+03   4.0048459e-01
   1.9165000e+03   4.3227454e-01
   1.9175000e+03   4.5208312e-01
   1.9185000e+03   4.4586263e-01
   1.9195000e+03   3.8636046e-01
   1.9205000e+03   4.4950368e-01
   1.9215000e+03   3.9419872e-01
   1.9225000e+03   4.1347357e-01
   1.9235000e+03   4.6917276e-01
   1.9245000e+03   4.7062326e-01
   1.9255000e+03   4.7582053e-01
   1.9265000e+03   4.6714780e-01
   1.9275000e+03   5.1023822e-01
   1.9285000e+03   5.0781895e-01
   1.9295000e+03   5.4531550e-01
   1.9305000e+03   5.0275682e-01
   1.9315000e+03   4.4921417e-01
   1.9325000e+03   4.0485273e-01
   1.9335000e+03   4.2629423e-01
   1.9345000e+03   4.6361345e-01
   1.9355000e+03   4.8647944e-01
   1.9365000e+03   5.3447285e-01
   1.9375000e+03   5.7142278e-01
   1.9385000e+03   5.3763367e-01
   1.9395000e+03   5.6876303e-01
   1.9405000e+03   6.2153415e-01
   1.9415000e+03   6.3553828e-01
   1.9425000e+03   6.3304552e-01
   1.9435000e+03   6.4374628e-01
   1.9445000e+03   6.5427537e-01
   1.9455000e+03   5.4397647e-01
   1.9465000e+03   5.9379832e-01
   1.9475000e+03   6.5745375e-01
   1.9485000e+03   6.9217522e-01
   1.9495000e+03   6.7192598e-01
   1.9505000e+03   7.6933946e-01
   1.9515000e+03   8.1759226e-01
   1.9525000e+03   8.2860555e-01
   1.9535000e+03   8.5193441e-01
   1.9545000e+03   8.7015914e-01
   1.9555000e+03   9.5387863e-01
   1.9565000e+03   1.0155213e+00
   1.9575000e+03   1.0490079e+00
   1.9585000e+03   1.0787494e+00
   1.9595000e+03   1.1349571e+00
   1.9605000e+03   1.2030614e+00
   1.9615000e+03   1.2070114e+00
   1.9625000e+03   1.2496384e+00
   1.9635000e+03   1.3163575e+00
   1.9645000e+03   1.3878631e+00
   1.9655000e+03   1.4504029e+00
   1.9665000e+03   1.5208060e+00
   1.9675000e+03   1.5691366e+00
   1.9685000e+03   1.6546034e+00
   1.9695000e+03   1.7643732e+00
   1.9705000e+03   1.9092738e+00
   1.9715000e+03   1.9863033e+00
   1.9725000e+03   2.0789673e+00
   1.9735000e+03   2.1888447e+00
   1.9745000e+03   2.1800026e+00
   1.9755000e+03   2.1847948e+00
   1.9765000e+03   2.3048678e+00
   1.9775000e+03   2.3703442e+00
   1.9785000e+03   2.4438004e+00
   1.9795000e+03   2.5132388e+00
   1.9805000e+03   2.4982420e+00
   1.9815000e+03   2.4385978e+00
   1.9825000e+03   2.4192287e+00
   1.9835000e+03   2.4349007e+00
   1.9845000e+03   2.5193328e+00
   1.9855000e+03   2.6040256e+00
   1.9865000e+03   2.6427712e+00
   1.9875000e+03   2.7256742e+00
   1.9885000e+03   2.8327685e+00
   1.9895000e+03   2.8719292e+00
   1.9905000e+03   2.9144619e+00
   1.9915000e+03   2.9770618e+00
   1.9925000e+03   2.8912947e+00
   1.9935000e+03   2.9212292e+00
   1.9945000e+03   2.9419018e+00
   1.9955000e+03   3.0045880e+00
   1.9965000e+03   3.0943504e+00
   1.9975000e+03   3.1134238e+00
   1.9985000e+03   3.1015254e+00
   1.9995000e+03   3.1416149e+00
   2.0005000e+03   3.2332812e+00
   2.0015000e+03   3.2610888e+00
   2.0025000e+03   3.3365320e+00
   2.0035000e+03   3.5066725e+00
   2.0045000e+03   3.6682378e+00
   2.0055000e+03   3.7931581e+00
   2.0065000e+03   3.9188364e+00
   2.0075000e+03   4.0354689e+00
   2.0085000e+03   4.1092750e+00
   2.0095000e+03   4.0500201e+00
   2.0105000e+03   4.2725835e+00
   2.0115000e+03   4.4167536e+00
   2.0125000e+03   4.4815384e+00
   2.0135000e+03   4.5211448e+00
   2.0145000e+03   4.5534246e+00
   2.0155000e+03   4.5485650e+00
   2.0165000e+03   4.5429657e+00
   2.0175000e+03   4.6035946e+00
   2.0185000e+03   4.6958506e+00
   2.0195000e+03   4.7030485e+00
   2.0205000e+03   4.4606754e+00
