   1.7505000e+03   2.7642112e+02
   1.7515000e+03   2.7639953e+02
   1.7525000e+03   2.7638126e+02
   1.7535000e+03   2.7636603e+02
   1.7545000e+03   2.7635355e+02
   1.7555000e+03   2.7634357e+02
   1.7565000e+03   2.7633579e+02
   1.7575000e+03   2.7632994e+02
   1.7585000e+03   2.7632575e+02
   1.7595000e+03   2.7632295e+02
   1.7605000e+03   2.7632124e+02
   1.7615000e+03   2.7632037e+02
   1.7625000e+03   2.7632005e+02
   1.7635000e+03   2.7632000e+02
   1.7645000e+03   2.7635935e+02
   1.7655000e+03   2.7646638e+02
   1.7665000e+03   2.7662460e+02
   1.7675000e+03   2.7681749e+02
   1.7685000e+03   2.7702853e+02
   1.7695000e+03   2.7724123e+02
   1.7705000e+03   2.7743907e+02
   1.7715000e+03   2.7760554e+02
   1.7725000e+03   2.7772413e+02
   1.7735000e+03   2.7777834e+02
   1.7745000e+03   2.7774279e+02
   1.7755000e+03   2.7761135e+02
   1.7765000e+03   2.7741963e+02
   1.7775000e+03   2.7720417e+02
   1.7785000e+03   2.7700150e+02
   1.7795000e+03   2.7684814e+02
   1.7805000e+03   2.7678062e+02
   1.7815000e+03   2.7683810e+02
   1.7825000e+03   2.7702585e+02
   1.7835000e+03   2.7732227e+02
   1.7845000e+03   2.7770563e+02
   1.7855000e+03   2.7815420e+02
   1.7865000e+03   2.7864623e+02
   1.7875000e+03   2.7916000e+02
   1.7885000e+03   2.7967377e+02
   1.7895000e+03   2.8016580e+02
   1.7905000e+03   2.8061437e+02
   1.7915000e+03   2.8099773e+02
   1.7925000e+03   2.8129415e+02
   1.7935000e+03   2.8148190e+02
   1.7945000e+03   2.8153957e+02
   1.7955000e+03   2.8149503e+02
   1.7965000e+03   2.8140056e+02
   1.7975000e+03   2.8128944e+02
   1.7985000e+03   2.8119497e+02
   1.7995000e+03   2.8115043e+02
   1.8005000e+03   2.8118487e+02
   1.8015000e+03   2.8129801e+02
   1.8025000e+03   2.8147758e+02
   1.8035000e+03   2.8171126e+02
   1.8045000e+03   2.8198676e+02
   1.8055000e+03   2.8229179e+02
   1.8065000e+03   2.8261404e+02
   1.8075000e+03   2.8294120e+02
   1.8085000e+03   2.8326099e+02
   1.8095000e+03   2.8356109e+02
   1.8105000e+03   2.8382922e+02
   1.8115000e+03   2.8405306e+02
   1.8125000e+03   2.8422032e+02
   1.8135000e+03   2.8431870e+02
   1.8145000e+03   2.8433436e+02
   1.8155000e+03   2.8424004e+02
   1.8165000e+03   2.8404585e+02
   1.8175000e+03   2.8377304e+02
   1.8185000e+03   2.8344285e+02
   1.8195000e+03   2.8307654e+02
   1.8205000e+03   2.8269535e+02
   1.8215000e+03   2.8232053e+02
   1.8225000e+03   2.8197334e+02
   1.8235000e+03   2.8167503e+02
   1.8245000e+03   2.8144684e+02
   1.8255000e+03   2.8131002e+02
   1.8265000e+03   2.8128794e+02
   1.8275000e+03   2.8141799e+02
   1.8285000e+03   2.8167710e+02
   1.8295000e+03   2.8202577e+02
   1.8305000e+03   2.8242450e+02
   1.8315000e+03   2.8283379e+02
   1.8325000e+03   2.8321414e+02
   1.8335000e+03   2.8352604e+02
   1.8345000e+03   2.8373000e+02
   1.8355000e+03   2.8383686e+02
   1.8365000e+03   2.8391361e+02
   1.8375000e+03   2.8400492e+02
   1.8385000e+03   2.8418029e+02
   1.8395000e+03   2.8457516e+02
   1.8405000e+03   2.8511056e+02
   1.8415000e+03   2.8567630e+02
   1.8425000e+03   2.8616214e+02
   1.8435000e+03   2.8645787e+02
   1.8445000e+03   2.8600000e+02
   1.8455000e+03   2.8380000e+02
   1.8465000e+03   2.8496000e+02
   1.8475000e+03   2.8650557e+02
   1.8485000e+03   2.8745503e+02
   1.8495000e+03   2.8793545e+02
   1.8505000e+03   2.8828312e+02
   1.8515000e+03   2.8850846e+02
   1.8525000e+03   2.8851574e+02
   1.8535000e+03   2.8740738e+02
   1.8545000e+03   2.8692996e+02
   1.8555000e+03   2.8679150e+02
   1.8565000e+03   2.8670511e+02
   1.8575000e+03   2.8663468e+02
   1.8585000e+03   2.8654412e+02
   1.8595000e+03   2.8639540e+02
   1.8605000e+03   2.8617153e+02
   1.8615000e+03   2.8591262e+02
   1.8625000e+03   2.8566408e+02
   1.8635000e+03   2.8547129e+02
   1.8645000e+03   2.8536346e+02
   1.8655000e+03   2.8527993e+02
   1.8665000e+03   2.8522758e+02
   1.8675000e+03   2.8557339e+02
   1.8685000e+03   2.8720032e+02
   1.8695000e+03   2.8767471e+02
   1.8705000e+03   2.8753708e+02
   1.8715000e+03   2.8734160e+02
   1.8725000e+03   2.8719345e+02
   1.8735000e+03   2.8884500e+02
   1.8745000e+03   2.9051953e+02
   1.8755000e+03   2.9051453e+02
   1.8765000e+03   2.9050137e+02
   1.8775000e+03   2.9047676e+02
   1.8785000e+03   2.9043740e+02
   1.8795000e+03   2.9038000e+02
   1.8805000e+03   2.9030125e+02
   1.8815000e+03   2.9019787e+02
   1.8825000e+03   2.9006656e+02
   1.8835000e+03   2.8990401e+02
   1.8845000e+03   2.8906167e+02
   1.8855000e+03   2.9016488e+02
   1.8865000e+03   2.9081212e+02
   1.8875000e+03   2.9102962e+02
   1.8885000e+03   2.9128301e+02
   1.8895000e+03   2.9223000e+02
   1.8905000e+03   2.9272764e+02
   1.8915000e+03   2.9298728e+02
   1.8925000e+03   2.9319862e+02
   1.8935000e+03   2.9355134e+02
   1.8945000e+03   2.9470510e+02
   1.8955000e+03   2.9754837e+02
   1.8965000e+03   2.9800000e+02
   1.8975000e+03   2.9708000e+02
   1.8985000e+03   2.9616000e+02
   1.8995000e+03   2.9621000e+02
   1.9005000e+03   2.9612969e+02
   1.9015000e+03   2.9587679e+02
   1.9025000e+03   2.9496000e+02
   1.9035000e+03   2.9504094e+02
   1.9045000e+03   2.9533773e+02
   1.9055000e+03   2.9639557e+02
   1.9065000e+03   2.9789069e+02
   1.9075000e+03   2.9935199e+02
   1.9085000e+03   3.0030837e+02
   1.9095000e+03   3.0023576e+02
   1.9105000e+03   2.9911512e+02
   1.9115000e+03   2.9839000e+02
   1.9125000e+03   2.9873573e+02
   1.9135000e+03   2.9954644e+02
   1.9145000e+03   3.0069000e+02
   1.9155000e+03   3.0149200e+02
   1.9165000e+03   3.0209277e+02
   1.9175000e+03   3.0262057e+02
   1.9185000e+03   3.0320370e+02
   1.9195000e+03   3.0353496e+02
   1.9205000e+03   3.0343926e+02
   1.9215000e+03   3.0331074e+02
   1.9225000e+03   3.0321504e+02
   1.9235000e+03   3.0497749e+02
   1.9245000e+03   3.0606331e+02
   1.9255000e+03   3.0679798e+02
   1.9265000e+03   3.0731393e+02
   1.9275000e+03   3.0762945e+02
   1.9285000e+03   3.0776279e+02
   1.9295000e+03   3.0576262e+02
   1.9305000e+03   3.0605383e+02
   1.9315000e+03   3.0650920e+02
   1.9325000e+03   3.0699613e+02
   1.9335000e+03   3.0740228e+02
   1.9345000e+03   3.0782000e+02
   1.9355000e+03   3.0840990e+02
   1.9365000e+03   3.0899000e+02
   1.9375000e+03   3.0932526e+02
   1.9385000e+03   3.1018588e+02
   1.9395000e+03   3.1156154e+02
   1.9405000e+03   3.1141739e+02
   1.9415000e+03   3.1030000e+02
   1.9425000e+03   3.1163000e+02
   1.9435000e+03   3.1103000e+02
   1.9445000e+03   3.1185358e+02
   1.9455000e+03   3.1060500e+02
   1.9465000e+03   3.1127445e+02
   1.9475000e+03   3.1072000e+02
   1.9485000e+03   3.1069558e+02
   1.9495000e+03   3.1196442e+02
   1.9505000e+03   3.1253070e+02
   1.9515000e+03   3.1239677e+02
   1.9525000e+03   3.1218127e+02
   1.9535000e+03   3.1183941e+02
   1.9545000e+03   3.1247551e+02
   1.9555000e+03   3.1380000e+02
   1.9565000e+03   3.1395402e+02
   1.9575000e+03   3.1424005e+02
   1.9585000e+03   3.1496124e+02
   1.9595000e+03   3.1581000e+02
   1.9605000e+03   3.1668000e+02
   1.9615000e+03   3.1738000e+02
   1.9625000e+03   3.1804000e+02
   1.9635000e+03   3.1865000e+02
   1.9645000e+03   3.1916000e+02
   1.9655000e+03   3.1972000e+02
   1.9665000e+03   3.2106000e+02
   1.9675000e+03   3.2175000e+02
   1.9685000e+03   3.2253000e+02
   1.9695000e+03   3.2387000e+02
   1.9705000e+03   3.2500000e+02
   1.9715000e+03   3.2572000e+02
   1.9725000e+03   3.2674000e+02
   1.9735000e+03   3.2865000e+02
   1.9745000e+03   3.2936000e+02
   1.9755000e+03   3.3034000e+02
   1.9765000e+03   3.3140000e+02
   1.9775000e+03   3.3297000e+02
   1.9785000e+03   3.3461000e+02
   1.9795000e+03   3.3594000e+02
   1.9805000e+03   3.3785000e+02
   1.9815000e+03   3.3911000e+02
   1.9825000e+03   3.4028000e+02
   1.9835000e+03   3.4198000e+02
   1.9845000e+03   3.4348000e+02
   1.9855000e+03   3.4477000e+02
   1.9865000e+03   3.4616000e+02
   1.9875000e+03   3.4785000e+02
   1.9885000e+03   3.5004000e+02
   1.9895000e+03   3.5156000e+02
   1.9905000e+03   3.5284000e+02
   1.9915000e+03   3.5424000e+02
   1.9925000e+03   3.5518000e+02
   1.9935000e+03   3.5597000e+02
   1.9945000e+03   3.5758000e+02
   1.9955000e+03   3.5952000e+02
   1.9965000e+03   3.6126000e+02
   1.9975000e+03   3.6243000e+02
   1.9985000e+03   3.6514000e+02
   1.9995000e+03   3.6696000e+02
   2.0005000e+03   3.6825000e+02
   2.0015000e+03   3.6965000e+02
   2.0025000e+03   3.7187000e+02
   2.0035000e+03   3.7422000e+02
   2.0045000e+03   3.7601000e+02
   2.0055000e+03   3.7816000e+02
   2.0065000e+03   3.8020000e+02
   2.0075000e+03   3.8207000e+02
   2.0085000e+03   3.8399000e+02
   2.0095000e+03   3.8574000e+02
   2.0105000e+03   3.8800000e+02
   2.0115000e+03   3.8985000e+02
   2.0125000e+03   3.9202000e+02
   2.0135000e+03   3.9478000e+02
   2.0145000e+03   3.9689000e+02
   2.0155000e+03   3.9919000e+02
   2.0165000e+03   4.0241000e+02
   2.0175000e+03   4.0454000e+02
   2.0185000e+03   4.0690000e+02
   2.0195000e+03   4.0953000e+02
   2.0205000e+03   4.1199000e+02
